1.0000000000000004 -2.403676216400364e-16 -2.0122792321330967e-16 0.0 3.718813451625284e-17 1.0000000000000013 -2.341876692568686e-17 -9.769962616701378e-15 -1.45716771982052e-16 8.760353553682894e-17 1.0000000000000016 1.1368683772161603e-13 
0.9999953004414851 -0.0008837894702076045 0.0029356449236098503 0.010921697902414262 0.0008884010504803313 0.9999983729843245 -0.0015699593239215232 0.026518282448904085 -0.0029342526337507455 0.0015725599758399556 0.9999944585929497 -0.8148077274766763 
0.999981207829237 -0.002347605345652882 0.005663279749582945 0.01809782122424064 0.0023614570567248123 0.9999942338801734 -0.0024404358168468522 0.049807200214941894 -0.005657517914264298 0.002453763547689243 0.9999809855869776 -1.601558466492662 
0.9999575088343087 -0.004427284392416191 0.008085770142224677 0.02818918680711846 0.0044519601665865246 0.9999854803370555 -0.003036307913624275 0.07802169890753907 -0.008072210140931334 0.003072176423950741 0.9999626998820822 -2.3621820602450043 
0.9999213725131243 -0.006389377760062107 0.01079002517653735 0.03492898636081643 0.006412110130324168 0.9999772924298067 -0.0020735159589596024 0.10306457873393438 -0.010776531684530232 0.002142539753351949 0.9999396361222308 -3.0903404849877916 
0.9998790104775193 -0.008000468725608887 0.013340048975499338 0.03898161296063529 0.00798299925717771 0.9999672074111943 0.0013622867240781484 0.11747744570798435 -0.013350510453090266 -0.0012556283005953368 0.9999100895921667 -3.789615761003489 
0.999819729973309 -0.010575863442199924 0.015768914628233616 0.04149576739288152 0.010493702153258646 0.9999309783705308 0.005284005116696898 0.1221801691391482 -0.015823709148593424 -0.005117578275564652 0.9998617007473464 -4.456283293523043 
0.9997572849853202 -0.012801915860460622 0.01792992105627558 0.041559666922470484 0.012659570308105534 0.9998876198572074 0.008030126767635933 0.13130020014681065 -0.018030707096415428 -0.007801192639068785 0.9998069988727893 -5.094978245866372 
0.9997160524787531 -0.014511994148464354 0.018900170426081057 0.04458838218739114 0.014338505860935439 0.9998541097544501 0.009282588906945739 0.14730771202388726 -0.019032121951477212 -0.009008952934407172 0.9997782839715276 -5.702081471569485 
0.9996920307064818 -0.017009634488252007 0.01806975585135021 0.058206424567698534 0.01685339053422626 0.9998195606460153 0.00876409590954084 0.17289555966285297 -0.01821556942431928 -0.008456860184894327 0.9997983169351515 -6.28683985400491 
0.9996711887684143 -0.020573537661655025 0.015305028403464269 0.08456230997482894 0.0204675722369079 0.999765672515165 0.007048301003002226 0.20937673736768803 -0.015446450500789199 -0.006732726668032859 0.9998580287013464 -6.850206244655823 
0.9996794492271075 -0.023278573949788585 0.009955239216187434 0.12635028957604044 0.023226649646768283 0.9997161761792981 0.005299984116032825 0.24473391252173737 -0.010075789754335188 -0.005067058348603674 0.9999363996677585 -7.388549353488088 
0.9997086689782178 -0.02397186434667144 0.0028154732365120163 0.17972874465609667 0.023962424056572236 0.9997072798117461 0.0033401983074934924 0.27947577597234785 -0.0028947198713747684 -0.003271759640494101 0.9999904580473367 -7.904513997926088 
0.9996979225106424 -0.02366327991022087 -0.00664175517446042 0.2515210032532855 0.02366788958163738 0.9997196863041283 0.0006162943520408041 0.31870472629834845 0.006625309853760636 -0.0007733045114874995 0.9999777533872823 -8.39631272953359 
0.9995648695395449 -0.023166712886853243 -0.018258559538241435 0.34661480961307234 0.023150689071383065 0.9997313942932857 -0.001088512712987794 0.35704610717017893 0.01827887244644816 0.000665340833188732 0.9998327060782042 -8.866063898974929 
0.9992504762108129 -0.02239719743523036 -0.031572952657479246 0.460225857771569 0.022359771874946806 0.9997488060540254 -0.001537984152087234 0.3829706106148705 0.03159946825762134 0.0008308673775381084 0.9995002667659666 -9.310998700817848 
0.9986725345426768 -0.022123044835278435 -0.046516014847822 0.5925660570961302 0.022090946702623283 0.9997552401978852 -0.001204064222382134 0.4042858934540705 0.04653126716400861 0.00017488306389692443 0.9989168186551005 -9.734667847506387 
0.9977169733346035 -0.020686908655977842 -0.06428757990699506 0.7553227005624432 0.02080988135479073 0.9997826773233752 0.0012437693136408447 0.3987642346720617 0.06424787901587509 -0.0025787466655831774 0.9979306389261721 -10.14453349095443 
0.9961650722844981 -0.019811659110031344 -0.08522116476397357 0.9556332505894529 0.020337663989659686 0.9997790757368874 0.005308402974413286 0.3783294899500824 0.08509716907079838 -0.007021245046498341 0.9963479181160234 -10.540148832550685 
0.9938644174891007 -0.01728878515317621 -0.10924567523238035 1.1925689498547314 0.018477892701181123 0.9997804358270057 0.009881680974807336 0.3431048116961073 0.1090508465367186 -0.011839680970851708 0.9939656607872 -10.917416693868375 
0.9905841197214421 -0.014428818228475733 -0.13614297984187515 1.4679622679305933 0.016265777737315003 0.9997909336090733 0.01239005842195371 0.33340726813184807 0.1359357430196186 -0.014487866565811513 0.9906117178249395 -11.282339561603678 
0.9861400770731032 -0.011211030521923607 -0.16553567949203962 1.7797745569277268 0.013641032028587864 0.9998151426359823 0.013550011106595691 0.3310076356952707 0.16535316941458839 -0.01562028650282484 0.9861107118443255 -11.621470107747243 
0.9802934063621163 -0.008032699400702734 -0.19738367000159435 2.129939845586236 0.011247988424385878 0.9998216031960252 0.015173810956278717 0.32650330528735894 0.1972265707235336 -0.01709495606516574 0.9802088768613388 -11.945614019420134 
0.9726336105337333 -0.0044352317756477045 -0.23230193365361998 2.526744990432661 0.008664849647363039 0.9998146917245878 0.01719018883719179 0.3157725868292105 0.23218264371115915 -0.01873261676237444 0.9724918040932441 -12.236737987704387 
0.9628710122048519 -0.00012928153244514543 -0.2699618438629626 2.970416110697247 0.005246377567080865 0.9998199928294416 0.018233416052976143 0.3198713695395734 0.26991089155132003 -0.01897274953249143 0.9626983667780635 -12.507771737480581 
0.9510104007185254 0.003460412427775222 -0.30913952072004613 3.445623663132931 0.0027284439429512268 0.9998044714996833 0.019585054579708668 0.3145628007207839 0.3091468474994367 -0.01946906045677828 0.9508150095397588 -12.739258111881398 
0.936832625948923 0.004219813806473452 -0.34975251840277727 3.9600967515610677 0.0031227843507158383 0.9997864675585333 0.020427126688062326 0.31668341490622964 0.34976403356483793 -0.020229000426860766 0.9366194042225408 -12.946851014018648 
0.9195859489047314 0.0030610762101544193 -0.3928769685148526 4.526809744003899 0.005194309794832269 0.999787529185134 0.01994782272936319 0.33058410091301504 0.39285455543081055 -0.020384462178885926 0.9193746635506865 -13.11300598607643 
0.8997298218302735 0.003857887417447421 -0.4364302514880703 5.113077679238913 0.004899744780655377 0.9998086332085799 0.018939098782087504 0.35367072282913403 0.4364197981420526 -0.01917846881968202 0.8995387407573862 -13.233061406948167 
0.877592718961592 0.005174009301530273 -0.4793790246280595 5.710434349729788 0.003912640638579207 0.9998311557016679 0.017954145245651375 0.3760422993587951 0.47939097912751216 -0.017632064995804487 0.8774242983956794 -13.328923844012209 
0.8525483526015539 0.007860555287939773 -0.5225892441936999 6.3271060575575575 0.0024572798201565977 0.9998155589124553 0.01904757025087192 0.369980305984561 0.5226425817442185 -0.01752312264243125 0.8523717920723307 -13.369889414634798 
0.8255288533462899 0.009780547353282109 -0.5642751573357017 6.946904308215537 0.002661308754979409 0.999771236518455 0.021222442509536858 0.3457242088177659 0.5643536388900764 -0.019021449046540666 0.8253139734353832 -13.389196890102994 
0.7962334375126294 0.010903652793219 -0.6048912491866527 7.567219260126144 0.0043890051566875905 0.9997071557728018 0.023797884998285786 0.31181952969523086 0.6049735941514786 -0.021603542589630688 0.7959524089586147 -13.362798752050693 
0.763931294851447 0.009810846233031073 -0.645223003342864 8.21601216754624 0.008886932218308314 0.9996296402752499 0.025721677995865066 0.2771778158009077 0.6452363901566158 -0.02538364787353346 0.7635611771418798 -13.306177054765712 
0.7285286922296949 0.007152479013320836 -0.6849779460990374 8.87369762846896 0.014654484898066984 0.9995539131172089 0.026023467187314502 0.2584751735152375 0.6848585187251914 -0.028996841483873947 0.7280988892406695 -13.195731962653355 
0.6896680271482898 0.004640105942792378 -0.7241108214536134 9.557838393803138 0.019395784173879 0.9995023198115812 0.024878027404732193 0.2603519692117775 0.7238658825263604 -0.031202277290447788 0.6892347945411812 -13.047043011906638 
0.6486585105116032 0.006428329544788125 -0.7610524379568957 10.231244590581653 0.01984775784537797 0.9994813631921293 0.025358847373594794 0.2529356452880105 0.7608207431776429 -0.031554416661849986 0.6481945044041569 -12.86062746470597 
0.606373311716399 0.011084793367553265 -0.7951028450421285 10.866058079704757 0.017075256166342218 0.9994907637957561 0.02695642249690256 0.2369706247273613 0.7949967562606407 -0.0299222399391552 0.6058752487864835 -12.639050814291707 
0.5608646880336401 0.012307633594294265 -0.8278159963858139 11.522415967569742 0.014697163157738658 0.9995839167393976 0.024819081188481206 0.27958744750752285 0.8277770201642728 -0.026086692991527535 0.5604504343264651 -12.382946439576223 
0.5131829039573559 0.013399381616698184 -0.858174669667071 12.155909098787717 0.01288303954716353 0.9996452201847243 0.023312251153877358 0.31144213100933005 0.8581825763658466 -0.023019346952625183 0.5128282122582114 -12.077558335685517 
0.4642095020405175 0.014889366013550877 -0.8856002738227954 12.77848349066818 0.010428671808413748 0.9996975078461324 0.022274101789890338 0.3433990688621018 0.8856640339426726 -0.019575484309424518 0.46391380599680876 -11.754444945576573 
0.4124721654597912 0.01766384105341451 -0.9107989357921722 13.381950754502611 0.005761853457261114 0.9997414081265517 0.02199813450903576 0.37423462525560347 0.9109519821404689 -0.014321508174080884 0.4122637270461372 -11.3744934266145 
0.3597754766687137 0.015188400659423989 -0.9329152795796684 13.978668550269205 0.0052596475386448 0.9998185969681822 0.018305989848848882 0.44714905878102984 0.9330240846278135 -0.01149285177776734 0.35963032667232747 -10.979026035967856 
0.30778738738144434 0.011456935385023178 -0.9513861796350049 14.533941313354916 0.00926702637254626 0.9998439706888592 0.015038500568483468 0.48693111250071164 0.9514100306340667 -0.013445181617261536 0.30763319180505166 -10.584718775377496 
0.2564063576212855 0.010801980442296714 -0.9665087154236691 15.039438596228251 0.014743085129342382 0.9997775171405412 0.015085014456930636 0.45543113698200965 0.966456631832104 -0.018117213881308752 0.2561900570844318 -10.185125605996621 
0.20883944244502103 0.01197456025323211 -0.9778766267714945 15.493173535924484 0.01697639553817688 0.9997299723476888 0.015867715154403064 0.4298028971646688 0.9778025819529135 -0.019914625189332694 0.20857976514941298 -9.847210825227364 
0.1664233345764517 0.018373661411454214 -0.9858831991036233 15.867743569084112 0.016818713376839062 0.9996280388699476 0.021468926041437707 0.3371996338644616 0.9859109516527366 -0.020154217210357078 0.1660524102198928 -9.585533104318063 
0.1304429163082281 0.026462088860856645 -0.9911026200339332 16.175837026896247 0.016779789873123927 0.9994416551700106 0.028893192327006118 0.21125339178002767 0.9913138172328779 -0.020399405975461624 0.12992605588960898 -9.434547402098055 
0.09930230751931236 0.031646179691390657 -0.9945539558175223 16.43571734812535 0.018775375459101705 0.999256616276551 0.03367046337531556 0.11424518055755462 0.9948801621289423 -0.022016678643221824 0.09863431889464869 -9.366092130355536 
0.07065282080802078 0.02994370197850938 -0.9970514297786722 16.685356593503755 0.017038946527095873 0.9993672721194533 0.0312206617125731 0.176467533042306 0.997355429730604 -0.01919453381424999 0.07009790766162106 -9.355759362996041 
0.04461885214964101 0.02320852319563914 -0.9987344604467834 16.916608542910097 0.012934050194277439 0.9996328955775795 0.02380723471463487 0.34460642799609675 0.998920351368627 -0.013979933127997321 0.04430229216774525 -9.402850937664326 
0.020214222129542787 0.018035981744766217 -0.9996329769401375 17.13052678170459 0.009171024230874245 0.9997918619115984 0.018224301629909928 0.481734429009516 0.9997536084147207 -0.00953604833480162 0.02004460635438113 -9.486538187202349 
-0.002837975151284297 0.02136455152528928 -0.999767723941499 17.330184842309137 0.00617708126311448 0.9997530504666767 0.02134670348427573 0.46625183448385954 0.9999768945151236 -0.0061150650609756736 -0.002969244885566527 -9.607548067374907 
-0.023352696388661155 0.028765117713706313 -0.9993133740595574 17.502866717979344 0.006700070713466405 0.9995680270563982 0.028615875646507825 0.34571488449165777 0.999704836751235 -0.006027212415243322 -0.02353533697842402 -9.784517030470859 
-0.041541776924165316 0.03402668770125281 -0.9985571917992814 17.656353473400813 0.00905904942430159 0.9993916695012393 0.03367825047499432 0.24188479505791305 0.9990956983159877 -0.007646924585072805 -0.041824755239920845 -10.017974359589088 
-0.05603663491328354 0.03560439817367299 -0.9977936772591255 17.792651384799825 0.014815236014349935 0.9992835889575672 0.034825531179375924 0.1560487245025004 0.9983187889293857 -0.012831043245860293 -0.05652397721134264 -10.33457285856693 
-0.06768492357595392 0.032573633444634556 -0.9971748640658437 17.911933647919284 0.019647613731196226 0.9993165946869054 0.03130998016669259 0.1562754467469416 0.9975132692827637 -0.017472892936876733 -0.0682786615073075 -10.720388384791947 
-0.07442480174221347 0.03476320143729638 -0.9966205239264664 17.978816507145467 0.02041636060172284 0.9992358566679935 0.03332979100989205 0.10950884668360583 0.997017613237306 -0.01786680091154028 -0.07507766858244055 -11.216884055196378 
-0.07736244340578194 0.04049135927444032 -0.9961804566314263 18.00065269846816 0.016595861775784128 0.999088812668986 0.039320754972356715 0.05712634836645236 0.9968649004364667 -0.013490523480771363 -0.07796394072908677 -11.804970315522835 
-0.07724044316959475 0.043144301753907655 -0.996078552708136 17.995169051732532 0.01568378634278156 0.9989922189945396 0.0420543129098843 0.025745170767253356 0.9968891276290056 -0.0123739894349494 -0.07783926772873236 -12.46371994070999 
-0.07558523672888674 0.042566678696598456 -0.9962303698710355 17.976610863893455 0.014780865904754803 0.9990264766784767 0.04156470736689071 0.04956093051396593 0.9970297879159603 -0.011583469261415139 -0.07614082510799333 -13.170361615491204 
-0.07419944261056796 0.038104045777317394 -0.9965151902563668 17.966055354038772 0.014420796915341033 0.9992062684629829 0.03713318839811954 0.13461599287283033 0.9971391494333214 -0.011615281300245544 -0.07469003887874733 -13.885408210270846 
-0.0731210041334588 0.037706084226223534 -0.9966100390658528 17.951363087019587 0.016292068884936256 0.9991968665515135 0.03660861053204914 0.11376963754677716 0.9971899955605067 -0.013559981045845656 -0.07367658833084756 -14.615482049079304 
-0.07239050402966749 0.03715196123936276 -0.9966841760068241 17.939926189947286 0.01680832519791673 0.999209517140581 0.03602528361761773 0.11562921113538094 0.9972347241900338 -0.01414470331104925 -0.07295774282329891 -15.352121416327375 
-0.07186285631438442 0.036968652830253114 -0.9967291751475201 17.930539344776832 0.01641358032609459 0.9992213896984321 0.0358776915368742 0.1284331226826687 0.9972794614666532 -0.01378162098783972 -0.07241369110693523 -16.10062545117515 
-0.07120801310181721 0.035574576383091194 -0.9968268999105394 17.925472155744075 0.014930574702328612 0.9992898482215861 0.03459591276928867 0.1846649297051033 0.9973497364561491 -0.012419692284660173 -0.07168859347486796 -16.868927514334427 
-0.07066619262909142 0.03642820698592524 -0.9968346276866089 17.91905198129639 0.013647272033131963 0.9992747147672623 0.03554991410483937 0.20278078799902843 0.9974066578810088 -0.011091896258005546 -0.07111208513353968 -17.644035965155663 
-0.0712630604798297 0.037286333740326014 -0.9967604052766414 17.930466427336825 0.0115114159072368 0.9992652655346251 0.03655702941743614 0.23917814769435797 0.9973911286525761 -0.00886895778666775 -0.0716399195485288 -18.410087243826105 
-0.07261000625180491 0.035165162365725505 -0.9967402863072741 17.95596315270147 0.009845209372321084 0.9993548149207753 0.034540204792094485 0.3193034545825304 0.9973118162563444 -0.0073051523226296215 -0.07290936774527117 -19.166350466533352 
-0.07424461828968743 0.03356192311837377 -0.9966751396375939 17.98595296597351 0.008752139355955535 0.999416954691539 0.03300228373591823 0.37859106783820007 0.9972016529828427 -0.006272797756063276 -0.07449506894150057 -19.92368184026503 
-0.07567269414254942 0.035818615316946224 -0.9964891721228023 18.010630030633436 0.006292869802269928 0.9993518641143134 0.03544363808782574 0.40045149881923914 0.9971128537687504 -0.003588661035222008 -0.07584904983659584 -20.694966204459995 
-0.07692485337733318 0.03867781063835885 -0.996286401541796 18.031609120128536 0.005372919877033219 0.9992488495743037 0.038377967070024256 0.38477530488966716 0.9970224163301804 -0.002400747520279942 -0.0770748840185512 -21.478198170318986 
-0.07897291909512576 0.034281285056156706 -0.9962871431191388 18.07713555004301 0.0028546913515400864 0.9994122133169423 0.03416253225713459 0.5279386265069443 0.9968726743104572 -0.00014617739508569817 -0.0790243623529286 -22.257144363877813 
-0.07984696833964051 0.03170351294911141 -0.9963028399606487 18.100409796498184 0.007644016848463786 0.9994841769710178 0.03119213027333466 0.4737377590062444 0.9967778241179872 -0.005125158656451253 -0.08004812362171508 -23.06206127859822 
-0.08047177131353436 0.03317457636578119 -0.9962046684816407 18.119009947295197 0.012861688118559426 0.9993973352403102 0.03224194927901729 0.3358835709442274 0.9966739040430451 -0.010218306979180462 -0.08084995486749595 -23.874789268170094 
-0.08119918298068186 0.03390331127068614 -0.9961211061754265 18.142584951068386 0.014738300389624199 0.9993528712288057 0.03281190741741678 0.2880710842656735 0.9965889198585819 -0.012016832012926396 -0.08164631383888792 -24.693247241666157 
-0.08225415390749559 0.030351906158828736 -0.996149093237297 18.17967849605732 0.01246283051436943 0.9994893050571745 0.029424597395697378 0.41489914886214896 0.9965334575519943 -0.009994541953207694 -0.08259041778931471 -25.512923829269063 
-0.08301683462924092 0.02721652404869448 -0.9961764231233587 18.21383388565731 0.008179311235858504 0.9996119287399012 0.02662875867558881 0.5943486529053654 0.9965145779344368 -0.005937401755197111 -0.08320723060256956 -26.33913547913476 
-0.08296361626785216 0.025502432974625015 -0.996226211403884 18.22033714400291 0.002322005474719668 0.9996747388021164 0.025397340244536906 0.7968541509306557 0.9965498716403193 -0.00020618752666721742 -0.08299584821163024 -27.180410828133866 
-0.08288116558055306 0.022291427068859244 -0.9963100946348209 18.22968832899572 -0.0032939996258238746 0.9997382070542015 0.022642149246896455 1.02195314230378 0.9965539934988347 0.005158452799762893 -0.0827860399236407 -28.02217479481061 
-0.08276010979471911 0.019219312266011063 -0.9963841539601029 18.2364603201207 -0.004787251149482128 0.99979481509503 0.019682731912235542 1.1365659915456103 0.9965579995430267 0.006398886240487738 -0.08265112099471784 -28.860990638261125 
-0.08179623398381401 0.02163015803830671 -0.9964143276615935 18.21568706937643 0.0005789635619022741 0.9997653272519695 0.021655374066470192 0.9657344547106417 0.9966489055365791 0.0011944404558745035 -0.08178956171014903 -29.715420759272444 
-0.0806390249324024 0.02426580076442585 -0.9964479507587014 18.182555024333666 0.012469259645499883 0.9996499437881646 0.023334683375069477 0.5793833684956293 0.9966653727414463 -0.010543282106764782 -0.08091337331104614 -30.56687605053267 
-0.08006015672225218 0.02653517766270452 -0.9964367795560432 18.16707664359643 0.019437264929148684 0.9994970944278166 0.0250549588390775 0.33721729686380497 0.9966005037314015 -0.017362101738052627 -0.0805356653014988 -31.403268460967144 
-0.07877742955192395 0.02773589839492968 -0.9965063153504944 18.128145586703013 0.013634872368039654 0.9995493573242777 0.026742709812799748 0.5181929387263082 0.9967989801603425 -0.011480514485444349 -0.07912010451491237 -32.255972007166825 
-0.07754232543362077 0.030380323261276303 -0.9965260777947 18.08884420850174 0.005484412458695111 0.9995334932297102 0.030045251405127246 0.764603088902633 0.9969739760827915 -0.003135581374280914 -0.07767276963721582 -33.104322556431875 
-0.07695300682785979 0.03206676640725023 -0.9965189196559868 18.068534350899 0.002785992367016101 0.9994856784623606 0.031947093688892085 0.8502607314103323 0.9970308285036539 -0.00031786918497752795 -0.07700276600550846 -33.93452006156752 
-0.0769139339960683 0.03119509291702223 -0.996549603850781 18.068433864296097 0.0033155569269707366 0.9995128937082656 0.031031957611395055 0.8652512413986333 0.9970322230698028 -0.0009173270026258951 -0.07697989784130546 -34.748999945351976 
-0.07762950005797177 0.028223116782096203 -0.9965827192962237 18.095238206113564 0.003970346709985134 0.9996000579479157 0.027999294589822386 0.9067234331405425 0.99697437131942 -0.0017832076798019872 -0.07771050831527786 -35.549540402689864 
-0.07952169530532782 0.026286338169788523 -0.9964864918308687 18.163877048598764 0.004260726145185995 0.9996520865947245 0.026029828649668525 0.9431555202438466 0.9968240297005707 -0.0021758199463400353 -0.07960602752982233 -36.32206777543029 
-0.08147456911527697 0.02557245475493336 -0.9963473009675338 18.23592114557742 0.003665601109647563 0.9996717129138488 0.02535803163493744 0.9950973679858333 0.9966686801319617 -0.0015861770709530583 -0.08154156048491247 -37.0904733453851 
-0.08357757109440549 0.024859726206787874 -0.9961911380969447 18.31742778219298 0.004406869817092588 0.9996882200111205 0.02457727139889815 0.9988419826240342 0.9964915298728719 -0.0023359760108869715 -0.08366106685730103 -37.85302098574517 
-0.08561523942955439 0.022998744168467377 -0.9960627934744355 18.39971532841122 0.004535489654452575 0.9997321784477422 0.022693627073008784 1.0401181894446174 0.9963179513142455 -0.0025747121796078406 -0.085696620389475 -38.61247373836137 
-0.08765916980395097 0.020919569158509316 -0.9959308417633759 18.484340093021373 0.00369579272405103 0.999779416042834 0.020675114829004044 1.1201713334256407 0.9961436698917602 -0.0018683905571354976 -0.08771714798888004 -39.36900935569038 
-0.08969437054400937 0.021365606824925193 -0.995740142174512 18.57107958536288 0.002165114261617646 0.9997716982987533 0.021257082609388026 1.1965609287040366 0.9959669834753301 -0.0002492505384366292 -0.08972015214666693 -40.12010401775298 
-0.0916754207041874 0.02108720382870539 -0.9955656417702446 18.654329427642352 0.00190419000805202 0.9997776397591146 0.021001073737053292 1.2329536694669025 0.9957871214768368 2.9536122664769574e-05 -0.09169518977838488 -40.866284957075095 
-0.09349325698789168 0.02082865844909023 -0.9954020182242996 18.731738191670715 0.003058223319435594 0.9997824380936889 0.02063307416671714 1.209899132524371 0.9956152159182406 -0.001115108358827773 -0.09353661510565622 -41.615111123293445 
-0.09448260313969334 0.02139939246977949 -0.9952964903514295 18.773561906459577 0.003951094688801553 0.9997691303806131 0.02112048268281671 1.181869951213392 0.9955186721276039 -0.0019369924933712054 -0.09454534100299902 -42.36943403149663 
-0.0957016711530768 0.02339933988014519 -0.9951349963857578 18.826202401889006 0.002743397480346436 0.9997260701056959 0.023243461904109773 1.2237993574967065 0.9954062808264638 -0.0005056126940833864 -0.09573964929448267 -43.118279488699145 
-0.09709573756550341 0.02352905211129061 -0.9949968851475649 18.885844465312672 0.0018340515208522439 0.9997230508218532 0.023461839451923087 1.2840986976499327 0.9952733564210542 0.00045316905578005745 -0.09711200047459254 -43.85922475789007 
-0.09846880356626769 0.022507789691184926 -0.9948855683582143 18.94801182288431 0.0010326017618030885 0.999745959670863 0.022515546970697617 1.3569963682853265 0.9951396024969718 0.0011897583811655095 -0.0984670301022897 -44.59319209275291 
-0.09985493852862692 0.020674369301350876 -0.9947871941804629 19.013468145058084 -0.00015396567056767042 0.9997837764857431 0.020793666595373204 1.458333441849053 0.9950019937397201 0.0022295133770896145 -0.09983016439976934 -45.31555641382428 
-0.10076270304476742 0.019483754189980745 -0.9947196896602468 19.058431751631716 -0.0010518753265597546 0.999805581308568 0.019689924899191528 1.5344925615516476 0.9949099312165952 0.003030331153987657 -0.10072261841159562 -46.03103014544997 
-0.1016177696913809 0.019593589620892155 -0.994630544538383 19.103339642384356 -0.0017808884952039007 0.9998008391084906 0.01987738801068391 1.5858887754056654 0.9948219224158257 0.003791221930681879 -0.10156263740744013 -46.72882813304234 
-0.10194944926796641 0.019789284606130643 -0.9945927277075467 19.124282254506383 0.0005385328932477272 0.9998030673888437 0.019837752447917235 1.4932939976582253 0.994789434893778 0.00148682703752352 -0.10194002927741083 -47.431663318819176 
-0.10203383202168104 0.02008118562644 -0.9945782237244133 19.13247571388085 0.0036396953413845214 0.9997970750429278 0.019813161116521604 1.3592218367483908 0.9947742707472857 -0.0015983489743503626 -0.10208621620847225 -48.13570940309724 
-0.10222182580838958 0.018196491701000714 -0.9945951870073447 19.145403241519503 0.005100987583292303 0.999829124758503 0.017767982730813786 1.3314838179133077 0.9947485502648766 -0.0032571420636513713 -0.10229717870744538 -48.83249218948657 
-0.10244118706492564 0.018493765338827746 -0.9945671339011373 19.161232869033185 0.005988025064231162 0.9998205111174149 0.0179746795449356 1.3004758762059148 0.9947210396631609 -0.004114145416165963 -0.10253354114110994 -49.52479584500405 
-0.10251377986728631 0.019672641987660697 -0.9945370340487821 19.16816455035493 0.0059344521376255436 0.9997987219435682 0.019165017031947198 1.3019834627302187 0.9947138820862758 -0.0039373540904928395 -0.10260989244521322 -50.21848353134294 
-0.10279616052367696 0.02068673734811435 -0.9944873092601441 19.18645663429642 0.005042846026970466 0.9997817108542982 0.0202756096135686 1.3471690185387648 0.9946896596856423 -0.0029307915558233946 -0.10287804126886214 -50.900895687829504 
-0.10317813754694749 0.016949398240103858 -0.9945184713375828 19.208967146556517 0.00543745832447849 0.999849474190465 0.01647613449880501 1.3927405705911489 0.994648031204664 -0.003707675869262013 -0.10325476822082262 -51.58107041935084 
-0.10312791527305668 0.014051600344785954 -0.9945688440822921 19.210272831480808 0.004980378737474035 0.999894970512203 0.013610428796835715 1.471814845390432 0.994655633331992 -0.003549714376231759 -0.10318706609252257 -52.26680973584598 
-0.10299801077781588 0.01592271233223521 -0.9945541096430094 19.207354203419158 0.0036720224642110438 0.9998711395780383 0.015627555469092756 1.527932241268765 0.9946747840509662 -0.002042417905845976 -0.10304320696806132 -52.94305794188199 
-0.10389749858256227 0.01659270478325734 -0.9944495924561811 19.256856527094186 0.0033239888186464305 0.9998610381052677 0.016335714780539926 1.5503027769896984 0.9945824555493733 -0.0016082994227757537 -0.10393821475447214 -53.59880758336662 
-0.10715641761798539 0.01370720558393397 -0.9941476825292923 19.433525937524564 0.0026611930656861094 0.999905332935117 0.013499748863629715 1.6410155869092988 0.9942386133191304 -0.0011990341920460332 -0.1071827509548963 -54.205180177405744 
-0.11236031823250608 0.009552514164767108 -0.9936216122648617 19.71789760795643 0.0020093879865712328 0.9999539300511888 0.009386167221188546 1.7498039571790711 0.9936654976633784 -0.0009419385949262719 -0.11237433650560172 -54.76903443027415 
-0.11816636131925543 0.01254588469249796 -0.9929145541434327 20.039334163634678 0.005414283988628628 0.999913459365625 0.011989966987504656 1.5332654392762404 0.9929790514313275 -0.00395911060132372 -0.11822406210999946 -55.319099285345274 
-0.12451958241610879 0.015286253508728352 -0.9920993922226675 20.391074552357566 0.008915859475065808 0.999858187903537 0.014286760727270194 1.3109001245480363 0.9921770915742503 -0.00706643728651714 -0.12463821412126022 -55.857273007533706 
-0.13192240759159254 0.014409324071697607 -0.9911553106123356 20.80593098343762 0.010440330850823711 0.9998590778135181 0.013146254433425214 1.2476607133528779 0.9912050634792798 -0.00861370383167479 -0.13205425490811473 -56.37739697180152 
-0.1382102022785875 0.010898402933921476 -0.9903429531226058 21.161755327342064 0.00947177796580737 0.9999082698345584 0.009681804513065799 1.3617831541721492 0.9903576250063809 -0.008042184401807376 -0.138300751486639 -56.91864721751266 
-0.14359098156464029 0.009520132645719073 -0.9895913283207938 21.467290253730937 0.00835152972635257 0.999929778182216 0.008407773527931393 1.4605046452289918 0.9896018805380951 -0.007057320941762727 -0.14366040601568672 -57.48130062727814 
-0.1480544048211425 0.007886712360240529 -0.9889477706032848 21.721207462470986 0.008698732525182903 0.9999399057996373 0.006672094264218425 1.4763600593689385 0.9889409614661099 -0.007614759192654684 -0.14811411201139985 -58.06809715900181 
-0.15200180190728807 0.005356153279300116 -0.9883657034918741 21.949814434343182 0.007729900694043608 0.999961176259836 0.004230201922797151 1.577408553020315 0.9883499890485142 -0.006996970422694157 -0.15203730316177774 -58.67183107671064 
-0.15478440577475844 0.005807276707235302 -0.9879312037111708 22.115469870792012 0.005279672383248227 0.9999733065364681 0.005050868643115392 1.7292718400367564 0.9879341641974334 -0.004434157391212306 -0.154810934561321 -59.3061222435638 
-0.15651421191167075 0.0075666003722009096 -0.9876467222790128 22.22050339205491 0.002025346361415235 0.9999710103304433 0.0073400593206277755 1.916583188018004 0.9876736300224807 -0.0008515030953787156 -0.15652499960291896 -59.97429051032166 
-0.15830809457631828 0.006567617176222841 -0.9873679221021119 22.332199293127204 -0.0022356540473651982 0.9999729311310813 0.007009911275919438 2.203811933570297 0.9873872335829522 0.003317138788525165 -0.15828912643533677 -60.652740674275904 
-0.15979931602408004 0.0062400294669187825 -0.9871297992819834 22.428642776632486 -0.001617847102848785 0.9999770221333955 0.006583143320714021 2.182557539382044 0.9871481961534386 0.0026490068858419863 -0.1597855487631187 -61.34974310640783 
-0.160528465456098 0.007650599824745537 -0.9870015603334343 22.47789789059209 0.0015186668546156407 0.9999706904252864 0.007504128288009844 1.980017603903224 0.9870300428200229 -0.0002943003564723021 -0.16053537914741792 -62.072033102050995 
-0.1607308212390757 0.013227651492188656 -0.9869096373730548 22.49638334980584 0.00603389862275097 0.9999046741205226 0.012419127962305744 1.6368402304256984 0.9869798352404281 -0.003958776065269881 -0.16079531374030354 -62.811549479303515 
-0.16131486264694464 0.0208308897350905 -0.986683124980885 22.539485607377145 0.010627835203620876 0.9997559095662862 0.019369316099780577 1.26036609836815 0.9868457651568874 -0.007361747084289703 -0.1614968744954067 -63.54793463422716 
-0.16202857671185708 0.022337565008535995 -0.9865332095364152 22.587954466570636 0.01311069895534566 0.9997042449757327 0.02048248399009088 1.0901794758131236 0.9866989662007519 -0.009615392191244996 -0.1622735170364424 -64.2833238197363 
-0.16260523921871461 0.020206983392359906 -0.9864842695151336 22.627703534747013 0.0105952967982494 0.9997683871628829 0.01873263770766165 1.2911343345994977 0.9866343171937522 -0.0074060685866654185 -0.16278167674436886 -65.02103936014888 
-0.16242317679591806 0.019307906008781003 -0.9865322683040229 22.61853934242842 0.004769044135119504 0.9998122167604618 0.01878263651810491 1.7039459694782575 0.9867096674592584 -0.0016540804363881123 -0.16248475670151596 -65.77322254649081 
-0.16253251545911346 0.022062970316217942 -0.9864564900487809 22.638579925228626 0.0035493212824718044 0.999756582322398 0.02177563825642995 1.8295730910563175 0.9866968043613842 3.799824718179785e-05 -0.16257126074176398 -66.51591271814148 
-0.16352313044998362 0.022318788437490994 -0.986287005638076 22.7252607958294 0.002994161143729432 0.9997506835296526 0.02212703733080462 1.9897723879373532 0.9865349567080144 0.0006651801830695202 -0.1635491874893948 -67.24144596010095 
-0.16527379036436174 0.0208812174601332 -0.9860266471936655 22.85655912808332 0.0035022391337330185 0.9997819623049093 0.020585484468379205 2.0491359386545005 0.9862415061939183 -5.1060066129848785e-05 -0.16531088546500142 -67.94653331640704 
-0.1675384444409878 0.0204376263703842 -0.9856536780546403 23.026813988062543 0.0046029043892949735 0.9997904160358015 0.0199483651997773 2.0689867193822717 0.985854798084118 -0.0011947515663314186 -0.1675974035097737 -68.63970861539454 
-0.16969339682046158 0.02113314614468609 -0.9852702884029146 23.18618690777322 0.004403729068376394 0.9997763267512896 0.020685831817764132 2.1329206406103065 0.9854870665035771 -0.0008286143420352384 -0.1697485055970938 -69.33229037914717 
-0.17150334620733276 0.021914842296408603 -0.9849397656338245 23.322302641746774 0.004597382243247911 0.9997594793139368 0.021444057415431286 2.179729722686723 0.9851728103821162 -0.0008504169861857021 -0.1715628470116786 -70.0400425847755 
-0.1735725986608977 0.021505161370543518 -0.9845862486489093 23.476811116482423 0.004302535803492124 0.9997685704229319 0.02107827744738234 2.2540300316382353 0.9848116780277149 -0.0005776061946008741 -0.17362495555455584 -70.7446515736216 
-0.17528740702920415 0.019115580656016734 -0.9843317121342599 23.606123920827756 0.004418043663367388 0.9998166937220316 0.018629542263168694 2.320985025649282 0.9845073924695378 -0.0010832963259950182 -0.17533972921703622 -71.46448553279754 
-0.17651371930803803 0.019468783406284027 -0.9841056210431504 23.703894611782218 0.005784637445314246 0.9998076218145374 0.018741860398264712 2.256575299842294 0.9842811818101933 -0.002384498739980901 -0.17659238177251524 -72.1969562181612 
-0.17723939104338438 0.01787302343828856 -0.9840054640578713 23.764743191213313 0.005734068726480771 0.9998368669190769 0.017127755407094193 2.3172990131379336 0.9841510649887094 -0.0026066420198477833 -0.17731296258020848 -72.94436185495869 
-0.17863982185295266 0.017861871794329236 -0.9837523913995584 23.879078408331168 0.006287408890493975 0.9998355139388951 0.01701215906318659 2.3064389549949507 0.9838944468477246 -0.003146204467348815 -0.17872274298382007 -73.68163132132092 
-0.17965227524954197 0.018268554814641652 -0.9835605318955457 23.966111382285376 0.004717645620315378 0.9998320520722008 0.017709078713882182 2.4528816357855643 0.9837188642175486 -0.0014586137520899954 -0.17970828758980062 -74.4297679804922 
-0.18076420735240312 0.016105775248766024 -0.9833945827306028 24.05296071751829 0.0025667469976702753 0.999870232082359 0.015903798458920895 2.6682277230905838 0.983523112666961 0.00035071242956940304 -0.18078208940789608 -75.17885768600237 
-0.18244323762953032 0.012997510737728092 -0.9831304744325036 24.184223826348244 0.00024316146710039472 0.9999131860681548 0.013174262770024113 2.9060340035389958 0.983216357632315 0.0021644957046310087 -0.182430559508513 -75.918981681265 
-0.1844504907027292 0.01374826643160726 -0.9827456444317882 24.34849239908459 -0.0005226223270241068 0.9999006458789048 0.014086349308986564 2.9873141719139555 0.982841667485372 0.0031118388578178363 -0.184424979635345 -76.65758622633892 
-0.18624424867950679 0.01506993092892119 -0.9823878953934674 24.49752304077262 1.0261272829503619e-05 0.9998823911709792 0.015336352920867621 2.9552839923807848 0.9825034756826629 0.002846226977011667 -0.1862224993481806 -77.41118456385252 
-0.18844608548725097 0.014473252811420761 -0.9819768825270735 24.679373368548383 0.0009090733323304425 0.9998935425492866 0.014562869013905026 2.9079142349728677 0.9820831158563965 0.001851626662263811 -0.1884391812455563 -78.16037508366766 
-0.19010265039677135 0.01525955625184094 -0.9816456225416182 24.820424417642016 0.004589436066437793 0.9998820878764241 0.014654262877327004 2.624127066890593 0.98175349217037 -0.0017193856119623082 -0.19015026774738578 -78.93264691715545 
-0.19033765293404806 0.0177715338761819 -0.9815578181947548 24.849802972739184 0.008914913948340368 0.9998262002251677 0.01637356566536002 2.2689643454054886 0.9816782070438627 -0.005633997425620962 -0.19046300398806223 -79.74565696720815 
-0.1914976105045785 0.019124822561622266 -0.9813067340709655 24.95293555773867 0.012693053090506027 0.9997747859492963 0.01700775656229994 1.9614278537072884 0.981411000332826 -0.009198833731910067 -0.1916972349401386 -80.53842637398911 
-0.19124481485714406 0.02067054326662386 -0.9813246911350598 24.942265913486878 0.013681251977327684 0.9997372420759372 0.018392121974727678 1.8799271198169027 0.981447015449428 -0.009908352409105285 -0.191477362677544 -81.37127221109947 
-0.19078154584687881 0.0247860353783022 -0.9813195474535812 24.916498377030095 0.013598873646711142 0.9996519756006049 0.022605271804370858 1.8654159309573093 0.9815383193741422 -0.00903217183374237 -0.1910522113772827 -82.2117401821687 
-0.1905713353641111 0.025104808456972882 -0.9813522887984112 24.907088418967817 0.011766942384716738 0.9996595440334562 0.02328808901003278 2.033817048421752 0.981602824570333 -0.0071094736206811174 -0.19080186105062644 -83.05167743119375 
-0.18989663264820103 0.02467951792049127 -0.9814938564780157 24.858499326750945 0.010298444175649646 0.9996790909308483 0.023144269338995882 2.1754031140044034 0.9817500756080619 -0.005712840877103728 -0.19008985373416984 -83.90726056142356 
-0.18818446548622686 0.02339547512083387 -0.9818550089975276 24.717355285021767 0.008006156092190516 0.999719563548422 0.022286671424472014 2.3989060977366683 0.9821010683296763 -0.003666879112452015 -0.18831899952815287 -84.79169989537192 
-0.18650071541174257 0.02416485557491462 -0.9821575957584165 24.579534548926958 0.004639103266645338 0.9997079783512379 0.023715748813063778 2.700005804878373 0.9824438721228763 -0.0001333263906822438 -0.18655835642576832 -85.6805401089558 
-0.18473366044595146 0.024577483098049167 -0.9824812578481108 24.432455577797924 0.0013210097419992944 0.9996925600739884 0.02475964995670224 3.004932048724638 0.9827877337612132 0.0032760734549126098 -0.18470933303765857 -86.57068450244586 
-0.1830126796201672 0.022975224777309792 -0.9828420514735212 24.28417698400314 0.00047396247282252286 0.9997288316697444 0.023281720035760647 3.1166522923370747 0.9831104385865409 0.0037950197208006667 -0.18297394177176865 -87.46763253470364 
-0.18163422709083843 0.023893957553160903 -0.983075829395456 24.16990801879031 0.004336489654125264 0.9997144986292427 0.023497150634979508 2.789774108666138 0.9833565998184963 4.788631027384277e-06 -0.18168598616975346 -88.366071337358 
-0.17954123023979604 0.024223905124672686 -0.983452159011557 23.988281137898042 0.010638667653665595 0.999686133688836 0.02268155331592063 2.235921903170409 0.983692922305806 -0.006390346686914423 -0.17974258837205398 -89.2874242895699 
-0.1779731255405686 0.02297330203466014 -0.9837671441855266 23.85254836996893 0.014104005428380955 0.9996843048468621 0.02079345266481931 1.9430283660571812 0.9839342679347015 -0.010174381380317702 -0.17824095586405142 -90.19124254200241 
-0.17624817608695917 0.021118479550254487 -0.9841191951422891 23.69822528124665 0.012001010260898087 0.9997416238559259 0.01930443686398036 2.169972160241721 0.9842726025744791 -0.008408052771187296 -0.17645608085259962 -91.09703133037553 
